NetUpMax=285552
NetDownMax=4034094
IOReadMax=977144789.52393
IOWriteMax=80382923.95117
